10 5 1
20 12 5
30 9 7
40 13 9
50 16 9
60 31 9
70 41 9
80 35 7
90 55 13
100 83 13
110 95 11
120 70 13
130 113 13
140 35 3
150 101 13
160 16 13
170 74 7
180 131 15
190 181 15
200 120 15
210 79 13
220 70 15
230 167 13
240 230 15
250 112 15
260 103 13
270 50 7
280 229 13
290 23 15
300 57 15
310 308 13
320 202 13
330 129 15
340 326 17
350 279 11
360 228 15
370 59 17
380 323 17
390 25 15
400 276 15
410 80 15
420 404 17
430 45 17
440 439 15
450 66 13
460 248 17
470 270 17
480 225 9
490 462 17
500 74 17
510 310 17
520 493 17
530 492 13
540 419 15
550 452 17
560 50 17
570 322 15
580 290 1
590 88 15
600 336 19
610 555 15
620 291 17
630 619 17
640 460 9
650 62 15
660 40 19
670 211 15
680 263 17
690 330 19
700 245 13
710 18 19
720 342 13
730 664 15
740 120 13
750 268 19
760 222 15
770 423 19
780 256 17
790 45 15
800 798 19
810 18 13
820 741 17
830 451 19
840 98 13
850 446 19
860 156 19
870 328 19
880 516 17
890 625 19
900 483 17
910 683 3
920 781 17
930 804 17
940 256 13
950 799 19
960 941 15
970 500 11
980 143 19
990 373 19
1000 704 17
1010 592 19
1020 880 19
1030 487 19
1040 978 19
1050 678 17
1060 1041 17
1070 10 17
1080 19 19
1090 577 19
1100 128 13
1110 209 17
1120 782 15
1130 1020 19
1140 669 17
1150 928 17
1160 639 19
1170 1076 19
1180 371 19
1190 1167 15
1200 643 17
1210 678 19
1220 435 17
1230 995 15
1240 533 19
1250 261 19
1260 212 19
1270 665 19
1280 150 13
1290 557 21
1300 1225 19
1310 805 17
1320 1260 17
1330 160 15
1340 1032 19
1350 622 19
1360 1263 21
1370 347 15
1380 217 17
1390 676 19
1400 384 17
1410 903 11
1420 998 11
1430 1334 21
1440 1242 15
1450 731 19
1460 416 19
1470 953 13
1480 1221 21
1490 1416 21
1500 574 19
1510 11 13
1520 104 19
1530 425 21
1540 220 19
1550 927 19
1560 376 21
1570 14 21
1580 1291 19
1590 995 19
1600 559 17
1610 604 19
1620 919 21
1630 1563 17
1640 1606 19
1650 455 21
1660 1497 21
1670 383 15
1680 1365 7
1690 1279 19
1700 530 21
1710 366 15
1720 42 17
1730 471 21
1740 8 21
1750 1138 21
1760 297 21
1770 1289 17
1780 1643 21
1790 1654 17
1800 1084 21
1810 337 19
1820 519 19
1830 1454 17
1840 123 19
1850 104 21
1860 152 15
1870 1661 21
1880 765 21
1890 1801 11
1900 361 19
1910 683 21
1920 31 19
1930 1898 19
1940 1157 21
1950 141 19
1960 260 13
1970 374 19
1980 1527 17
1990 1197 21
